1e24

Trial, DL, DLS, ER
1, 0.295, 0.33, 0.376
2, 0.32, 0.305, 4.052
3, 0.34, 0.285, 4.083
4, 0.36, 0.265, 4.044 
5, 0.40, 0.25, 4.05 

-----------------------------

7.5e23

Trial, DL, DLS, ER
1, 0.477, 0.173, 
2, 0.42, 0.23, 
3, 0.36, 0.29, 
4, 0.27, 0.38, 
5, 0.2, 0.45, 

-----------------------------

3.8e23

Trial, DL, DLS, ER
1, 0.20, 0.45, 
2, 0.27, 0.38, 
3, 0.36, 0.29, 
4, 0.42, 0.23,
5, 0.47, 0.18, 

---------------------------

Isothermal

Trial, DL, DLS, ER
1, 0.47, 0.18, 
2, 0.42, 0.23, 
3, 0.36, 0.29, 
4, 0.27, 0.38, 
5, 0.20, 0.45,